0.05092137319890097
0.0514082433749486
0.05189813185666391
0.052391058270613
0.05288704367356146
0.053386109250537446
0.05388827758311486
0.054393571929832005
0.05490201661942951
0.05541363692870719
0.05592845907702726
0.05644651026908306
0.05696781885499566
0.05749241389916789
0.058020325876809456
0.05855158613871051
0.05908622681215427
0.05962428251232921
0.060165786750005085
0.0607107761806638
0.0612592873399022
0.061811358543464985
0.062367029181182164
0.06292633983749153
0.06348933227009965
0.0640560494509301
0.06462653582031451
0.06520083688958539
0.06577899814053477
0.06636107188171034
0.06694710343933682
0.06753714495276662
0.0681312488793742
0.06872946839670606
0.06933185859256585
0.06993847576091235
0.07054937761878936
0.07116462334210943
0.07178427342613372
0.07240838993602913
0.07303703637179093
0.07367027763985041
0.07430818022412404
0.07495081204877367
0.07559824255125265
0.07625054268504713
0.07690778496636315
0.07757004356557072
0.07823739375364437
0.07890990990805641
0.07958767950089372
0.08027077399492079
0.08095927810190932
0.08165327569205143
0.08235285152305272
0.08305809241788242
0.08376908661112421
0.0844859240325256
0.08520869634758757
0.08593749652323159
0.08667241972662312
0.08741356209591888
0.08816102160981484
0.08891489824831914
0.08967529371964614
0.09044231092930434
0.09121605467497454
0.09199663136296392
0.09278414937350331
0.09357871777026253
0.09438044738610327
0.09518945470346656
0.09600585089341028
0.09682975368576038
0.09766128108255134
0.09850055322508906
0.09934769104923505
0.10020281747500845
0.10106605823608356
0.10193753856497237
0.10281738662939682
0.10370573291296237
0.10460270784508902
0.10550844500713749
0.106423078573663
0.10734674490245326
0.10827958138905881
0.10922172789564905
0.11017332490418692
0.11113451501030157
0.1121054423920196
0.11308625236733348
0.1140770920727478
0.11507811040196547
0.11608945721561333
0.11711128420888835
0.11814374446200135
0.11918699251070346
0.12024118514772367
0.12130647719295222
0.1223830300136342
0.12347100160863962
0.12457055601744633
0.1256818548067112
0.12680506402548186
0.12794034515879496
0.12908786718410706
0.13024779757706145
0.13142030577752312
0.13260556178301616
0.1338037372476146
0.13501500433972288
0.13623953723605536
0.13747751015475548
0.13872914060416355
0.1399944822506761
0.1412738353041648
0.1425673378511543
0.1438751685880008
0.14519750852554125
0.14653453844927072
0.1478864403289236
0.14925339721176248
0.1506355920029643
0.152033209054056
0.15344643268687078
0.15487544849668866
0.15632044141263507
0.1577815978237124
0.15925910430152662
0.16075313242400455
0.1622639149525979
0.16379159376341293
0.1653363716681526
0.16689843648262648
0.16847797594201958
0.17007517805985137
0.17169023069660355
0.17332332140122164
0.17497463829003848
0.17664436836850952
0.17833269942041138
0.18003981764440802
0.1817659116560352
0.18351116358254668
0.18527575881911346
0.18705988608835314
0.18886372768578777
0.19068746695117952
0.1925312864465162
0.19439536770626398
0.19627989195894577
0.19818503861933204
0.20011098633067526
0.20205791255335528
0.20402599330119375
0.20601540350244857
0.2080263161894793
0.21005890368307897
0.2121133381789741
0.21418977986505547
0.2162884044222502
0.2184093735979371
0.22055285034982536
0.2227189954237467
0.22490796762511117
0.22711992352103152
0.22935501714376022
0.23161340030936145
0.2338952220791972
0.2362006295065114
0.23852976645647841
0.2408827740122407
0.24325979038884418
0.24566095097995025
0.2480863879197769
0.2505362301939314
0.25301059771955003
0.2555096232698268
0.25803342429053494
0.2605821173120943
0.2631558036860875
0.26575459724209344
0.26837860155789717
0.27102791672195903
0.2737026384130459
0.27640285332581266
0.2791286586981277
0.2818801323315518
0.284657356868641
0.2874603967150156
0.29028932588846296
0.29314420820583914
0.2960251028017809
0.2989320681472832
0.30186514439332723
0.3048243749109412
0.3078098070462531
0.3108214696009498
0.3138593891230628
0.3169235872811727
0.3200140805553675
0.32313087821221953
0.32627398334373225
0.3294433943775961
0.3326391023015516
0.33586109358649274
0.3391093466478178
0.34238383352389673
0.34568452076168704
0.3490113661011048
0.3523643227195523
0.35574333577568495
0.3591483428369127
0.3625792772103301
0.36603606201755573
0.36951861453048274
0.37302684380117573
0.3765606503925936
0.38011993335222116
0.3837045855777348
0.3873144698946002
0.39094946687724963
0.39460943179671903
0.398294236505252
0.40200372143738444
0.40573772626119853
0.40949607604109844
0.4132786174849386
0.4170851398727395
0.42091545986390905
0.42476937610977833
0.42864667881845425
0.43254714637685854
0.4364705591413242
0.44041667728157974
0.44438525719126265
0.44837604568293027
0.4523887823108732
0.45642319823033056
0.4604790085784884
0.4645559301247301
0.46865366620328386
0.47277191020974935
0.4769103599938451
0.48106866658198194
0.4852464989684724
0.489443539088462
0.4936594246001212
0.4978937962337439
0.502146285356217
0.5064164924798816
0.5107040760681058
0.5150086411147113
0.5193297368573979
0.5236669734693069
0.528019928716216
0.5323881716011517
0.5367712620309925
0.5411687530613668
0.5455801825107192
0.5500050874010958
0.5544429916252311
0.5588934114028986
0.5633558540690942
0.5678298170150643
0.5723147955822435
0.5768102669589165
0.5813157062642905
0.5858305782718863
0.5903543401471274
0.5948864407440637
0.5994263207146782
0.6039734113847158
0.6085271403340065
0.6130869230273763
0.617649262513382
0.6222222804401719
0.6267966498098477
0.6313746650413894
0.6359557054237127
0.6405391432798204
0.6451243438148933
0.6497106655858149
0.6542974603064894
0.6588840737666413
0.6634698429812457
0.6680541015887539
0.6726361746299891
0.6772153826343926
0.6817910309997759
0.6863624454616881
0.6909289206037319
0.6954897642313915
0.7000442465442103
0.7045916670604353
0.7091313074800873
0.7136624454806323
0.7181843543738605
0.7226963040501816
0.7271975575642777
0.7316873765908531
0.7361645765727134
0.7406297367561652
0.7450807785670001
0.7495173989759933
0.753938838453237
0.7583443393618841
0.7627331403975041
0.7671044814598907
0.7714570234563478
0.7757917154523253
0.780106071453795
0.7843998959448455
0.7886724189125662
0.7929228686854348
0.7971504725733857
0.8013544600139524
0.8055340577366471
0.8096884933618173
0.8138169950085571
0.81791879153002
0.8219931118825616
0.826039040902891
0.8300561041248282
0.834043531908384
0.8380002703546502
0.8419257021806497
0.8458190283209263
0.8496795688881715
0.8535065693639047
0.8572991639021806
0.8610567166687629
0.8647784797064925
0.8684636422635482
0.8721115084313467
0.8757213425701827
0.8792924173289185
0.8828240108692654
0.8863154036394818
0.8897658867902526
0.8931747518082195
0.8965412991231071
0.8998648345355681
0.9031446700058435
0.9063800987403455
0.9095705138019187
0.9127151890431908
0.9158134963153693
0.9188647628395815
0.9218683455347135
0.9248236179741005
0.9277299491308808
0.9305867171602529
0.9333933173007324
0.9361491607993098
0.9388536288932406
0.9415061477776694
0.9441061472341759
0.9466530648442806
0.9491463477372425
0.951585453592234
0.9539698503960897
0.9562990170687516
0.958572443481709
0.9607896305049125
0.9629500901704424
0.9650533466223761
0.9670989350643047
0.9690864029445314
0.971015310956154
0.9728852281155675
0.9746957384622412
0.9764464409824039
0.9781369433905522
0.9797668682158164
0.9813358503441448
0.982843537388545
0.9842895926754459
0.9856736873613057
0.9869955144237813
0.9882547739252739
0.9894511809472843
0.9905844678699438
0.9916543759468603
0.9926606638073292
0.9936031035640864
0.994481481443877
0.9952955982412461
0.9960452691078935
0.9967303237128198
0.9973506063096961
0.9979059757984645
0.9983963057812034
0.9988214846121671
0.9991814154420373
0.9994760162562976
0.9997052199665911
0.999868974202009
0.9999672416828314
1.
0.999967241682831
0.9998689742020087
0.9997052199665918
0.9994760162562978
0.9991814154420373
0.9988214846121667
0.998396305781203
0.9979059757984643
0.9973506063096963
0.9967303237128198
0.996045269107894
0.9952955982412458
0.994481481443877
0.9936031035640868
0.9926606638073292
0.9916543759468609
0.9905844678699439
0.9894511809472846
0.9882547739252736
0.9869955144237813
0.9856736873613057
0.9842895926754459
0.982843537388544
0.981335850344145
0.9797668682158164
0.9781369433905522
0.976446440982403
0.9746957384622407
0.972885228115566
0.971015310956154
0.9690864029445314
0.9670989350643048
0.965053346622377
0.9629500901704414
0.9607896305049125
0.958572443481709
0.9562990170687509
0.9539698503960888
0.9515854535922336
0.9491463477372425
0.9466530648442806
0.9441061472341763
0.9415061477776684
0.9388536288932406
0.9361491607993098
0.9333933173007324
0.9305867171602527
0.927729949130881
0.9248236179741008
0.9218683455347135
0.9188647628395815
0.9158134963153677
0.9127151890431897
0.909570513801918
0.9063800987403455
0.9031446700058435
0.8998648345355682
0.8965412991231071
0.8931747518082198
0.8897658867902526
0.8863154036394818
0.8828240108692654
0.8792924173289189
0.8757213425701831
0.8721115084313467
0.8684636422635482
0.8647784797064915
0.8610567166687638
0.8572991639021806
0.8535065693639047
0.8496795688881715
0.8458190283209247
0.8419257021806488
0.8380002703546505
0.834043531908384
0.8300561041248282
0.826039040902891
0.8219931118825614
0.8179187915300193
0.8138169950085571
0.8096884933618173
0.8055340577366465
0.8013544600139503
0.7971504725733852
0.7929228686854348
0.7886724189125658
0.7843998959448455
0.7801060714537946
0.7757917154523234
0.7714570234563478
0.7671044814598894
0.762733140397504
0.7583443393618846
0.7539388384532354
0.7495173989759933
0.7450807785670001
0.7406297367561644
0.7361645765727133
0.7316873765908531
0.7271975575642777
0.7226963040501807
0.7181843543738595
0.713662445480631
0.7091313074800861
0.7045916670604353
0.7000442465442099
0.6954897642313911
0.690928920603731
0.6863624454616865
0.6817910309997759
0.6772153826343927
0.6726361746299885
0.6680541015887543
0.6634698429812459
0.6588840737666413
0.6542974603064887
0.6497106655858141
0.6451243438148927
0.6405391432798198
0.6359557054237127
0.6313746650413896
0.6267966498098475
0.6222222804401709
0.617649262513381
0.6130869230273763
0.6085271403340059
0.6039734113847149
0.5994263207146786
0.5948864407440638
0.5903543401471274
0.5858305782718871
0.5813157062642903
0.5768102669589157
0.5723147955822432
0.5678298170150643
0.5633558540690943
0.5588934114028984
0.5544429916252307
0.5500050874010964
0.5455801825107192
0.5411687530613667
0.536771262030992
0.5323881716011524
0.5280199287162155
0.5236669734693069
0.5193297368573975
0.5150086411147109
0.5107040760681052
0.5064164924798824
0.502146285356217
0.4978937962337439
0.49365942460012097
0.48944353908846233
0.4852464989684725
0.48106866658198194
0.47691035999384535
0.4727719102097502
0.4686536662032843
0.4645559301247288
0.4604790085784884
0.4564231982303299
0.4523887823108732
0.44837604568293016
0.4443852571912618
0.44041667728157974
0.43647055914132366
0.4325471463768588
0.4286466788184544
0.4247693761097773
0.42091545986390905
0.4170851398727399
0.41327861748493955
0.40949607604109867
0.4057377262611989
0.40200372143738444
0.398294236505252
0.3946094317967192
0.3909494668772499
0.38731446989459994
0.3837045855777348
0.38011993335222105
0.37656065039259284
0.3730268438011758
0.3695186145304832
0.36603606201755573
0.36257927721032984
0.359148342836913
0.35574333577568423
0.35236432271955204
0.3490113661011048
0.34568452076168665
0.34238383352389673
0.3391093466478172
0.3358610935864923
0.3326391023015516
0.32944339437759596
0.3262739833437326
0.3231308782122189
0.32001408055536684
0.3169235872811727
0.3138593891230624
0.31082146960094975
0.3078098070462531
0.30482437491094083
0.30186514439332723
0.2989320681472833
0.29602510280178096
0.29314420820583914
0.29028932588846235
0.2874603967150156
0.28465735686864063
0.28188013233155157
0.27912865869812775
0.2764028533258125
0.2737026384130459
0.271027916721959
0.2683786015578967
0.26575459724209344
0.26315580368608693
0.2605821173120943
0.25803342429053533
0.2555096232698268
0.25301059771955015
0.2505362301939312
0.2480863879197769
0.24566095097994994
0.24325979038884424
0.24088277401224162
0.23852976645647822
0.2362006295065114
0.23389522207919705
0.23161340030936106
0.2293550171437596
0.2271199235210313
0.22490796762511117
0.22271899542374643
0.22055285034982494
0.2184093735979371
0.21628840442225006
0.21418977986505547
0.21211333817897404
0.21005890368307897
0.2080263161894793
0.20601540350244898
0.20402599330119375
0.20205791255335476
0.20011098633067473
0.19818503861933204
0.1962798919589456
0.19439536770626398
0.19253128644651565
0.190687466951179
0.18886372768578777
0.18705988608835292
0.18527575881911346
0.18351116358254643
0.1817659116560352
0.18003981764440802
0.17833269942041144
0.17664436836850952
0.17497463829003876
0.17332332140122134
0.17169023069660355
0.17007517805985098
0.16847797594201958
0.16689843648262628
0.1653363716681527
0.16379159376341293
0.16226391495259804
0.16075313242400455
0.15925910430152668
0.1577815978237124
0.15632044141263507
0.1548754484966885
0.15344643268687078
0.1520332090540557
0.15063559200296436
0.14925339721176248
0.14788644032892342
0.14653453844927072
0.14519750852554128
0.14387516858800078
0.1425673378511543
0.1412738353041649
0.1399944822506761
0.13872914060416341
0.13747751015475548
0.13623953723605536
0.135015004339723
0.1338037372476146
0.13260556178301547
0.1314203057775229
0.13024779757706145
0.129087867184107
0.12794034515879496
0.12680506402548192
0.12568185480671107
0.12457055601744633
0.12347100160864002
0.1223830300136342
0.12130647719295222
0.12024118514772367
0.11918699251070346
0.11814374446200121
0.11711128420888835
0.11608945721561337
0.11507811040196539
0.1140770920727478
0.1130862523673332
0.1121054423920196
0.11113451501030146
0.11017332490418695
0.10922172789564905
0.108279581389059
0.10734674490245326
0.106423078573663
0.10550844500713749
0.10460270784508902
0.10370573291296215
0.10281738662939682
0.10193753856497251
0.10106605823608356
0.10020281747500845
0.09934769104923505
0.09850055322508906
0.09766128108255134
0.09682975368576038
0.09600585089341028
0.09518945470346656
0.09438044738610327
0.09357871777026268
0.09278414937350331
0.09199663136296392
0.09121605467497519
0.09044231092930434
0.08967529371964618
0.08891489824831914
0.08816102160981484
0.08741356209591918
0.08667241972662312
0.08593749652323138
0.08520869634758757
0.0844859240325256
0.0837690866111242
0.08305809241788242
0.08235285152305276
0.08165327569205143
0.08095927810190932
0.08027077399492079
0.07958767950089372
0.07890990990805649
0.07823739375364437
0.07757004356557072
0.07690778496636325
0.07625054268504713
0.07559824255125265
0.07495081204877367
0.07430818022412404
0.07367027763985043
0.07303703637179093
0.07240838993602894
0.07178427342613372
0.07116462334210943
0.07054937761878963
0.06993847576091235
0.06933185859256573
0.06872946839670606
0.06813124887937361
0.06753714495276679
0.06694710343933682
0.0663610718817103
0.06577899814053477
0.0652008368895851
0.06462653582031455
0.0640560494509301
0.06348933227009965
0.06292633983749153
0.06236702918118179
0.06181135854346497
0.0612592873399022
0.060710776180663506
0.060165786750005085
0.059624282512329
0.05908622681215427
0.05855158613871051
0.05802032587680951
0.05749241389916789
0.056967818854995786
0.056446510269083344
0.05592845907702726
0.05541363692870721
0.05490201661942951
0.05439357192983204
0.05388827758311479
0.053386109250537446
0.052887043673561326
0.052391058270613
0.05189813185666364
0.0514082433749486
0.05092137319890097