-0.00934383763749992
-0.010215679832749663
-0.011039682965350855
-0.011810028011667965
-0.012521117035158137
-0.013167609887497897
-0.013744459996784052
-0.014246949022067686
-0.014670720156698732
-0.015011809867409721
-0.015266677861827761
-0.01543223508409414
-0.015505869546495396
-0.015485469814460731
-0.015369445972856822
-0.015156747913252352
-0.014846880794610358
-0.014439917543676656
-0.013936508276093338
-0.013337886534924707
-0.012645872259706707
-0.011862871416345169
-0.010991872235979394
-0.010036438029309556
-0.009000696561725724
-0.007889325993727844
-0.006707537410606763
-0.005461053984915334
-0.004156086834916505
-0.002799307661766856
-0.0013978182675768534
0.000040882924343654325
0.0015089372070790773
0.002998164627275167
0.004500105546034997
0.0060060645307668465
0.00750715636912472
0.00899435398100197
0.010458537990371039
0.011890547705712195
0.013281233245896185
0.014621508537789443
0.01590240490261496
0.017115124940263616
0.018251096414404255
0.019302025836442496
0.020259951443133827
0.0211172952610838
0.02186691395139162
0.022502148129453243
0.02301686985837159
0.02340552801952221
0.023663191270682272
0.023785588310616078
0.02376914517918182
0.02361101933382569
0.023309130256714435
0.022862186361675377
0.022269707986528362
0.021532046274204575
0.02065039776521165
0.01962681454440868
0.018464209806630244
0.017166358728345894
0.015737894556117033
0.014184299847073525
0.012511892821792521
0.01072780881572191
0.008839976841566625
0.006857091301601057
0.004788578915710881
0.0026445609577888944
0.0004358109199167078
-0.00182629224967332
-0.004129815162662276
-0.00646232506282388
-0.008810948731371738
-0.011162434978243017
-0.013503220448771575
-0.01581949845288731
-0.018097290502945767
-0.020322520226492582
-0.022481089301977755
-0.024558955048651895
-0.026542209286837547
-0.028417158071389656
-0.030170401889773282
-0.03178891590667552
-0.0332601298295441
-0.03457200696421489
-0.03571312202636708
-0.03667273727376394
-0.03744087652525914
-0.03800839663614463
-0.03836705600512207
-0.03850957969626524
-0.03842972076955586
-0.038122317426219236
-0.0375833455897809
-0.03680996654238764
-0.03580056828685649
-0.034554807687605306
-0.03307363062649546
-0.03135930720324401
-0.029415445741939546
-0.027247003799831103
-0.02486029459577006
-0.022262984355887236
-0.019464082898431163
-0.01647392754888886
-0.013304159345391527
-0.009967692172875084
-0.006478674585572561
-0.0028524443438809562
0.0008945239755000693
0.00474467855797545
0.008679456649860298
0.012679357515509734
0.01672402164227968
0.020792316561551956
0.024862427691444696
0.028911955378734172
0.032918017101642716
0.036857353210381194
0.04070643796988029
0.04444159626821046
0.048039117287186524
0.05147537935978821
0.054726971215150404
0.05777081743469477
0.060584302638051354
0.06314540138844738
0.06543280103267374
0.06742602982137151
0.06910558073290925
0.07045303390143669
0.0714511775538647
0.07208412461637854
0.07233742602940979
0.07219818037920174
0.0716551369003638
0.07069879545185839
0.06932149797865045
0.06751751512750173
0.06528312495257056
0.06261668407575323
0.059518691048972255
0.05599183908475993
0.05204106633800246
0.047673587113005705
0.04289892073214948
0.03772891208256797
0.03217772940522592
0.02626186970729908
0.02000013973262096
0.013413632470725792
0.006525691391293568
-0.0006381359081330104
-0.008050154529049574
-0.015680589964694517
-0.023497666255434875
-0.03146769439169203
-0.03955517022192451
-0.047722884744231454
-0.05593203936179537
-0.06414237467001489
-0.07231230561806451
-0.08039906537354216
-0.08835885740774273
-0.0961470100590407
-0.10371816233951045
-0.11102639621214339
-0.11802545194672176
-0.12466889159927953
-0.13091028860230103
-0.13670340787363788
-0.1420024199095937
-0.14676206628714467
-0.15093787174593945
-0.15448633172433865
-0.15736510533338613
-0.15953320901100698
-0.1609512050918812
-0.16158138733146593
-0.16138796264600638
-0.1603372297768746
-0.1583977459851132
-0.1555404985766674
-0.15173905767761256
-0.14696973313566436
-0.14121169951274595
-0.13444714528377916
-0.12666138759782178
-0.11784297529480112
-0.10798380628467938
-0.09707919951995113
-0.08512797415631311
-0.07213252016739016
-0.05809883887234563
-0.04303658406577435
-0.02695908356766953
-0.009883348190980685
0.008169933817990162
0.027176416314210465
0.04710812889698754
0.06793352702640176
0.08961755058506592
0.11212170440596761
0.13540414677592796
0.15941979411765791
0.18412043838489847
0.20945487775967253
0.23536905982381268
0.26180623724365065
0.28870713524617647
0.3160101233474609
0.3436514173137015
0.3715652677432451
0.39968416062065537
0.42793904940439925
0.45625956701253234
0.4845742514155532
0.5128107987709655
0.5408962814578158
0.5687574068571603
0.596320761039718
0.6235130513087054
0.650261372297401
0.6764934376898486
0.7021378394203825
0.727124300043331
0.751383904430327
0.7748493535776513
0.7974551923925334
0.8191380473794843
0.8398368464691591
0.8594930344089742
0.8780507842454041
0.8954571946852332
0.9116624800856595
0.9266201481906917
0.9402871671134144
0.9526241198792436
0.9635953472101985
0.973169073836348
0.9813175265744097
0.9880170317151925
0.9932481026123059
0.9969955083631157
0.999248328919024
1.
0.9992483289190238
0.9969955083631152
0.9932481026123064
0.9880170317151926
0.9813175265744097
0.9731690738363465
0.9635953472101968
0.9526241198792427
0.940287167113414
0.9266201481906917
0.9116624800856586
0.8954571946852339
0.8780507842454024
0.8594930344089733
0.8398368464691591
0.819138047379484
0.7974551923925317
0.7748493535776508
0.7513839044303268
0.727124300043331
0.7021378394203818
0.6764934376898473
0.6502613722973996
0.6235130513087046
0.596320761039718
0.568757406857159
0.540896281457815
0.5128107987709657
0.48457425141555266
0.45625956701253234
0.42793904940439886
0.3996841606206561
0.37156526774324317
0.3436514173136993
0.3160101233474609
0.288707135246174
0.26180623724364993
0.23536905982381193
0.20945487775967175
0.18412043838489847
0.15941979411765725
0.1354041467759262
0.11212170440596664
0.08961755058506513
0.06793352702640176
0.04710812889698739
0.02717641631420971
0.00816993381798943
-0.009883348190981257
-0.02695908356766953
-0.04303658406577507
-0.05809883887234628
-0.07213252016739034
-0.08512797415631405
-0.09707919951995113
-0.10798380628467935
-0.11784297529480163
-0.12666138759782256
-0.13444714528378018
-0.14121169951274595
-0.14696973313566536
-0.15173905767761217
-0.1555404985766674
-0.15839774598511377
-0.1603372297768746
-0.16138796264600594
-0.16158138733146557
-0.1609512050918812
-0.15953320901100748
-0.15736510533338613
-0.15448633172433823
-0.15093787174593837
-0.14676206628714372
-0.1420024199095937
-0.13670340787363788
-0.13091028860230086
-0.12466889159927974
-0.11802545194672191
-0.11102639621214339
-0.10371816233951045
-0.09614701005904053
-0.0883588574077424
-0.08039906537354191
-0.07231230561806451
-0.06414237467001489
-0.05593203936179493
-0.047722884744230934
-0.03955517022192449
-0.03146769439169203
-0.023497666255434875
-0.01568058996469433
-0.00805015452904955
-0.0006381359081325134
0.006525691391293568
0.013413632470725792
0.02000013973262096
0.026261869707299115
0.032177729405226466
0.03772891208256797
0.04289892073214948
0.047673587113005664
0.052041066338002574
0.05599183908476006
0.059518691048972255
0.06261668407575323
0.06528312495257048
0.06751751512750163
0.06932149797865017
0.07069879545185839
0.0716551369003638
0.07219818037920174
0.0723374260294095
0.07208412461637813
0.0714511775538647
0.07045303390143669
0.06910558073290957
0.06742602982137158
0.06543280103267377
0.06314540138844738
0.060584302638051354
0.05777081743469477
0.05472697121515006
0.051475379359788305
0.048039117287186524
0.04444159626821046
0.040706437969880147
0.03685735321038125
0.03291801718202187
0.028911955378734172
0.024862427691444696
0.02079231656155184
0.016724021642279544
0.012679357515509618
0.008679456649860043
0.00474467855797545
0.0008945239755000693
-0.0028524443438810152
-0.006478674585572851
-0.009967692172875155
-0.013304159345391527
-0.016473927548888857
-0.019464082898431385
-0.022262984355887517
-0.024860294595770185
-0.027247003799831103
-0.02941544574193973
-0.03135930720324421
-0.03307363064314403
-0.03455480768760512
-0.03580056828685649
-0.03680996654238764
-0.0375833455897809
-0.0381223174358307
-0.038429720769554906
-0.03850957969626524
-0.03836705600512194
-0.038008396636144096
-0.03744087652526113
-0.03667273727376408
-0.03571312202636708
-0.03457200696421489
-0.0332601298295441
-0.03178891590667372
-0.03017040188977376
-0.028417158071389656
-0.026542209286837547
-0.02455895504865194
-0.022481089301976783
-0.02032252022649169
-0.018097290502945767
-0.01581949845288731
-0.013503220448771778
-0.011162434978242972
-0.008810948731371428
-0.00646232506282388
-0.004129815162662276
-0.001826292249672773
0.0004358109199167078
0.002644560957788988
0.004788578915710881
0.006857091301601057
0.0088399768415665
0.010727808815722283
0.012511892821792164
0.014184299847073525
0.015737894556117033
0.017166358728346476
0.018464209806630244
0.019626814544409236
0.02065039776521165
0.021532046274204575
0.022269707986528362
0.022862186361675422
0.023309130256714702
0.02361101933382569
0.02376914517918182
0.023785588310616414
0.023663191270682164
0.02340552801952181
0.02301686985837159
0.022502148129453243
0.021866913951391335
0.0211172952610838
0.020259951443133827
0.019302025836442496
0.018251096414404255
0.01711512494026357
0.01590240490261496
0.014621508537789363
0.013281233245896185
0.011890547705712195
0.010458537990371039
0.008994353981002009
0.007507156369124641
0.0060060645307668465
0.004500105546034997
0.002998164627275565
0.0015089372070790773
0.000040882924343632566
-0.0013978182675768534
-0.002799307661766856
-0.004156086834916505
-0.005461053984915342
-0.00670753741060676
-0.007889325993727844
-0.009000696561725724
-0.010036438029310061
-0.010991872235979394
-0.011862871416345367
-0.012645872259706707
-0.013337886534924707
-0.013936508276093556
-0.014439917543676656
-0.01484688079461047
-0.015156747913252352
-0.015369445972856822
-0.015485469814461033
-0.015505869546495396
-0.015432235084093953
-0.015266677861827761
-0.015011809867409721
-0.014670720156698732
-0.014246949022067976
-0.013744459996783956
-0.013167609887497897
-0.012521117035158137
-0.01181002801166788
-0.011039682965350685
-0.010215679832749663
-0.00934383763749992