-0.023065877433199745
-0.025417172788671238
-0.02765833713967209
-0.029774030036423038
-0.03174937501490116
-0.03357008411732049
-0.0352224350363451
-0.03669348071520019
-0.037971251684583665
-0.039044491204261664
-0.0399030429344196
-0.040537778746943864
-0.04094076429428207
-0.04110523181318412
-0.041025693951732056
-0.04069798564397768
-0.040119300550959046
-0.03928832495515399
-0.03820495011886961
-0.0368706776769483
-0.035288642345953754
-0.03346330867216093
-0.031400393613573496
-0.029107553921078673
-0.026593592500744386
-0.02386882351944985
-0.020944956678761065
-0.017835057893082405
-0.014553497230118763
-0.011115890284884826
-0.007539031969588318
-0.0038408232911740633
-0.0000401890596708835
0.003843009161403454
0.007788067574225487
0.011773541410898956
0.015777348279620462
0.01977688349617245
0.023749132779078592
0.027670792323297045
0.03151839369256448
0.035268434754665116
0.03889747951848622
0.04238234693302399
0.045700177893873074
0.048828621236124845
0.051745920195375814
0.0544310712636045
0.05686395002000343
0.05902541618552837
0.060897479272176536
0.062463365796430796
0.06370768438471733
0.06461650712978152
0.06517748161429131
0.06537992960913276
0.06521483726901608
0.06467540065115955
0.06375652344973984
0.062454256922976396
0.06076850821501719
0.058699690710831996
0.05625127627235141
0.053428175988001446
0.05023813458752282
0.04669068931935469
0.042797758606985856
0.038573021705737454
0.03403272841381749
0.029194985031884654
0.02407994493221292
0.018709709279961833
0.01310824644895986
0.007301300013657341
0.0013162855491587427
-0.004817824671211819
-0.011070625061393417
-0.017410413870368253
-0.023804336867421814
-0.030218541060415133
-0.03661833752631365
-0.04296836978224716
-0.04923279179604918
-0.0553754476346211
-0.06136006081760991
-0.06715042082213626
-0.07271061073050726
-0.07800508693846321
-0.08299904794486813
-0.08765851238993756
-0.09195053108438571
-0.09584345071975718
-0.09930696561927868
-0.10231248013646273
-0.10483309152973241
-0.10684393778943643
-0.10832226442961487
-0.10924761521335287
-0.10960197879456052
-0.10936991689400534
-0.10853866486899517
-0.1070984185281558
-0.10504210235585677
-0.10236578542548107
-0.09906854568608874
-0.09515277175630948
-0.09062399377541158
-0.08549078512528266
-0.07976520832710808
-0.07346250616533441
-0.06660091525413653
-0.059202922248755646
-0.05129262221598103
-0.04289826572197773
-0.03405087580076048
-0.024784415467887302
-0.01513568170957412
-0.005144181302160851
0.0051480064127652206
0.01569638231898301
0.026454193924995845
0.03737261527094581
0.04840093982453838
0.05948678365035279
0.0705763071244464
0.08161443797714431
0.09254510714973033
0.10331144992654163
0.11385632990478478
0.12412208063691481
0.13405113585832754
0.14358625798581415
0.15267128337886868
0.16124998037350574
0.1692680859216051
0.1766723512241155
0.1834113415652014
0.1894356155190203
0.19469799482805916
0.19915383438844017
0.20276128556495968
0.2054815480810607
0.2072789736495382
0.20812185277283488
0.20798183169323356
0.20683463635633356
0.2046604121117962
0.20144282643643174
0.19717082735968802
0.19183772360812307
0.18544184343670767
0.17798525847692792
0.16947661826589136
0.15992844595111783
0.14935855470241108
0.13778950387577998
0.12524997241961625
0.11177167647559667
0.09739342138429774
0.08215695669768784
0.06610981582863097
0.049303838716862704
0.031795303405343346
0.013644719146792552
-0.00508335271890501
-0.024320531634453538
-0.04399484139719709
-0.0640311960272897
-0.0843506899774838
-0.1048728149525611
-0.12551381381792864
-0.1461881714984339
-0.16680835871627286
-0.1872855329073352
-0.20752975492480108
-0.22745035244393705
-0.24695629470600364
-0.26595686664552254
-0.28436050668936846
-0.30207827915285623
-0.3190216026296659
-0.33510169521749766
-0.3502346868051463
-0.3643369076231925
-0.3773277412104582
-0.3891295132235065
-0.39966779540330577
-0.40887170868859746
-0.41667430568803127
-0.42301250372074045
-0.42782862734030286
-0.43106915123658124
-0.4326849013305132
-0.4326329088745903
-0.4308753580654985
-0.42738094684659345
-0.42212090976168604
-0.4150784145741597
-0.40623588117411624
-0.3955882851252416
-0.3831334261208562
-0.3688765291238117
-0.35282868057714106
-0.33500970124502577
-0.31544399137672097
-0.2941640033826915
-0.2712066751924548
-0.24661767272656943
-0.220448465134465
-0.19275694463365511
-0.16360728273875944
-0.1330698894324634
-0.10122103806946926
-0.068142895196838
-0.03392316966928493
0.0013450948003567293
0.03756379033796666
0.07463004156911454
0.11243652112590295
0.15087169823208463
0.18982068580651182
0.22916459622036656
0.2687821961494383
0.3085494039102522
0.34834017615491525
0.38802679041628385
0.4274804985169824
0.46657188157127205
0.505171362809305
0.543149836607453
0.5803790260822742
0.6167322012890963
0.6520845268539299
0.6863136935478901
0.7193004234343416
0.7509289852525144
0.7810877108987634
0.8096694892839573
0.8365723881884992
0.8616994374698641
0.8849598100451733
0.9062704124068813
0.9255530721648505
0.9427376960323365
0.9577605890802751
0.9705675523646705
0.9811108775481527
0.989351851344491
0.9952602069528468
0.9988139616775914
1.0000000000000007
0.9988139616839203
0.9952602069542179
0.9893518512566566
0.9811108775961824
0.9705675523646705
0.9577605890857915
0.9427374300183419
0.9255530719046534
0.9062704126058145
0.8849598100451733
0.8616994141604849
0.8365725278194854
0.8096694894354065
0.7810877109187111
0.7509289852525144
0.7193004234342647
0.6863136936417841
0.6520845269121914
0.6167322013533244
0.5803790260822742
0.5431498366102578
0.5051713628075463
0.46657188157262064
0.42748049851946673
0.38802679041628385
0.3483401760285444
0.30854940400852426
0.2687821955170491
0.22916459643052253
0.18982068580651182
0.15087169843571352
0.11243652112603912
0.07463004156766219
0.03756379033785278
0.0013450948003567293
-0.03392316966928389
-0.06814289564496051
-0.10122103807004626
-0.13306988943121373
-0.16360728273875944
-0.19275694789678274
-0.22044846513479344
-0.2466176727274796
-0.27120667814338706
-0.2941640033826915
-0.3154439918404425
-0.33500970166362887
-0.35282937648990426
-0.3688765190769149
-0.3831334261208562
-0.39558828513369515
-0.40623588118190707
-0.4150775137236543
-0.4221209097755086
-0.42738094684659345
-0.43087615715441396
-0.4326336760012076
-0.43268490133396975
-0.43106915123945194
-0.42782862734030286
-0.42301250442474175
-0.41667430567828445
-0.40887170868859746
-0.39966779540090136
-0.3891295132235065
-0.37732774123213225
-0.3643369076334291
-0.3502346868051463
-0.33510168568319326
-0.3190216026296659
-0.30207826836792484
-0.28436050666062673
-0.2659568676612988
-0.24695629470600364
-0.22745035244393705
-0.207529758346251
-0.18728553201861906
-0.16680835871569227
-0.1461881714984339
-0.12551381381792864
-0.1048728140168196
-0.08435068997767341
-0.06403100557172137
-0.04399484139719709
-0.024320531634453538
-0.005083352718919941
0.01364471914688571
0.03179530340553804
0.049303838716862704
0.06610981582863097
0.08215695669432863
0.09739342138340422
0.11177167665919208
0.12524997241961625
0.13778950387577998
0.14935855470241108
0.15992844595144298
0.16947661826909455
0.17798525847692792
0.18544184343670767
0.19183772360613696
0.1971708273584008
0.20144282643391798
0.2046604121117962
0.20683463635633356
0.207981831520037
0.20812185273544861
0.20727897399507292
0.2054815480810607
0.20276128556495968
0.19915383438844017
0.1946979946185803
0.18943561583397395
0.1834113415652014
0.1766723512241155
0.16926808629352375
0.16124998017826037
0.15267117860035134
0.14358625798581415
0.13405113585832754
0.12412208063691481
0.11385632988879232
0.10331150612659074
0.09254510714973033
0.08161443797714431
0.07057630712456783
0.05948678341655639
0.04840093963405578
0.03737261527094581
0.026454193924995845
0.015696382318820847
0.005148006410514115
-0.005144181302161295
-0.01513568170966764
-0.024784415467887302
-0.03405087580076048
-0.042898266052912436
-0.05129262186612037
-0.059202921844958456
-0.06660091525413653
-0.07346240251917695
-0.0797651116232482
-0.08549078522613653
-0.09062399378743831
-0.09515277175630948
-0.09906854532291859
-0.10236578549292752
-0.10504211056533437
-0.10709841857643501
-0.10853866486899517
-0.10936991689400534
-0.10960197878299661
-0.10924761525505822
-0.1083222653350214
-0.10684393778943643
-0.10483309152566943
-0.10231247730603699
-0.09930697946480471
-0.09584345847539018
-0.09195053108438571
-0.08765851238993756
-0.08299904794486813
-0.07800509363352859
-0.07271061069391409
-0.06715042082213626
-0.06136006081760991
-0.0553754476372959
-0.049232791791853255
-0.04296837021287465
-0.03661833752631365
-0.030218541060415133
-0.023804336613312507
-0.01741041387253537
-0.01107062506352881
-0.004817824671211819
0.0013162855491587427
0.007301300013604749
0.01310824644895986
0.01870970928009779
0.02407994493221292
0.029194985031884654
0.03403272841397961
0.038573022342197685
0.042797758531457425
0.04669068931935469
0.05023813458752282
0.0534282781672842
0.05625127627235141
0.058699690868790594
0.06076850821501719
0.062454256922976396
0.06375652344973984
0.06467533778031587
0.06521483728112978
0.06537992960913276
0.06517748161429131
0.06461650709650332
0.06370768439826736
0.06246336581263321
0.060897479272176536
0.05902541618552837
0.05686394997047733
0.05443107121811756
0.05174592040838694
0.048828621236124845
0.045700177893873074
0.04238234673429922
0.03889747951848622
0.03526843481436001
0.03151839369256448
0.027670792323297045
0.02374913277909599
0.019776883616132838
0.01577734871779152
0.011773541410898956
0.007788067574225487
0.00384300916138264
-0.0000401890596708835
-0.003840823291163228
-0.007539031969588318
-0.011115890284884826
-0.014553497230118763
-0.017835057847565585
-0.020944956822089012
-0.02386882351944985
-0.026593592500744386
-0.029107632223988995
-0.031400393612113275
-0.03346330866673603
-0.035288642345953754
-0.0368706776769483
-0.03820495007159147
-0.03928824846039741
-0.04011930058997395
-0.04069798564397768
-0.041025693951732056
-0.04110523181896397
-0.04094076429428207
-0.04053777877723506
-0.0399030429344196
-0.039044491204261664
-0.037971251684583665
-0.036693480876724596
-0.035222403497455784
-0.03357008411732049
-0.03174937501490116
-0.02977403003656688
-0.02765833713958179
-0.025417172788850577
-0.023065877433199745