0.19439536770626398
0.19627989195894577
0.19818503861933204
0.20011098633067526
0.20205791255335528
0.20402599330119375
0.20601540350244857
0.2080263161894793
0.21005890368307897
0.2121133381789741
0.21418977986505547
0.2162884044222502
0.2184093735979371
0.22055285034982536
0.22271899542374643
0.22490796762511117
0.22711992352103152
0.22935501714376022
0.23161340030936145
0.23389522207919705
0.2362006295065114
0.23852976645647841
0.2408827740122407
0.24325979038884418
0.24566095097994994
0.2480863879197769
0.2505362301939314
0.25301059771955003
0.2555096232698268
0.25803342429053533
0.2605821173120943
0.2631558036860875
0.26575459724209344
0.26837860155789717
0.271027916721959
0.2737026384130459
0.27640285332581266
0.2791286586981277
0.2818801323315518
0.28465735686864063
0.2874603967150156
0.29028932588846296
0.29314420820583914
0.2960251028017809
0.2989320681472833
0.30186514439332723
0.3048243749109412
0.3078098070462528
0.3108214696009498
0.3138593891230624
0.3169235872811727
0.3200140805553675
0.3231308782122189
0.32627398334373225
0.32944339437759596
0.3326391023015516
0.33586109358649274
0.3391093466478172
0.34238383352389673
0.34568452076168665
0.3490113661011048
0.3523643227195523
0.35574333577568423
0.3591483428369127
0.36257927721032984
0.36603606201755573
0.36951861453048274
0.37302684380117535
0.3765606503925936
0.38011993335222105
0.3837045855777348
0.3873144698946002
0.3909494668772499
0.39460943179671903
0.398294236505252
0.40200372143738444
0.40573772626119853
0.4094960760410982
0.4132786174849386
0.4170851398727399
0.42091545986390905
0.42476937610977833
0.42864667881845425
0.43254714637685854
0.43647055914132366
0.44041667728157974
0.44438525719126265
0.44837604568293027
0.4523887823108732
0.4564231982303299
0.4604790085784884
0.4645559301247301
0.46865366620328386
0.47277191020974935
0.4769103599938451
0.48106866658198194
0.4852464989684724
0.48944353908846167
0.4936594246001212
0.4978937962337439
0.502146285356217
0.5064164924798816
0.5107040760681056
0.5150086411147113
0.5193297368573976
0.5236669734693069
0.528019928716216
0.5323881716011517
0.5367712620309925
0.5411687530613668
0.5455801825107192
0.5500050874010958
0.5544429916252314
0.5588934114028986
0.5633558540690943
0.5678298170150643
0.5723147955822435
0.5768102669589157
0.5813157062642905
0.5858305782718866
0.5903543401471274
0.5948864407440637
0.5994263207146782
0.6039734113847158
0.6085271403340065
0.6130869230273763
0.617649262513382
0.6222222804401717
0.6267966498098477
0.6313746650413896
0.6359557054237127
0.6405391432798204
0.6451243438148929
0.6497106655858149
0.6542974603064889
0.6588840737666413
0.6634698429812457
0.6680541015887539
0.6726361746299891
0.6772153826343927
0.6817910309997759
0.6863624454616881
0.6909289206037319
0.6954897642313915
0.7000442465442105
0.7045916670604353
0.7091313074800873
0.713662445480631
0.7181843543738605
0.7226963040501814
0.7271975575642777
0.7316873765908531
0.7361645765727134
0.7406297367561652
0.7450807785670001
0.7495173989759933
0.753938838453237
0.7583443393618845
0.7627331403975041
0.7671044814598904
0.7714570234563478
0.7757917154523253
0.7801060714537946
0.7843998959448455
0.7886724189125662
0.7929228686854348
0.7971504725733857
0.8013544600139515
0.8055340577366471
0.8096884933618173
0.8138169950085571
0.81791879153002
0.8219931118825614
0.826039040902891
0.8300561041248287
0.834043531908384
0.8380002703546502
0.8419257021806485
0.8458190283209259
0.8496795688881709
0.8535065693639047
0.8572991639021806
0.8610567166687626
0.8647784797064915
0.8684636422635477
0.8721115084313467
0.8757213425701827
0.8792924173289185
0.8828240108692643
0.8863154036394821
0.8897658867902526
0.8931747518082195
0.8965412991231071
0.8998648345355689
0.9031446700058444
0.9063800987403455
0.9095705138019187
0.9127151890431908
0.9158134963153689
0.9188647628395806
0.9218683455347135
0.9248236179741005
0.9277299491308808
0.9305867171602529
0.9333933173007322
0.9361491607993098
0.9388536288932406
0.9415061477776694
0.9441061472341761
0.9466530648442811
0.9491463477372425
0.951585453592234
0.9539698503960897
0.9562990170687513
0.9585724434817092
0.9607896305049125
0.9629500901704424
0.9650533466223761
0.9670989350643047
0.9690864029445319
0.971015310956154
0.9728852281155675
0.9746957384622412
0.9764464409824035
0.9781369433905519
0.9797668682158164
0.9813358503441448
0.982843537388545
0.9842895926754464
0.9856736873613063
0.9869955144237813
0.9882547739252739
0.9894511809472843
0.9905844678699439
0.9916543759468609
0.9926606638073292
0.9936031035640864
0.994481481443877
0.9952955982412458
0.9960452691078939
0.9967303237128198
0.9973506063096961
0.9979059757984645
0.9983963057812031
0.9988214846121667
0.9991814154420373
0.9994760162562976
0.9997052199665911
0.999868974202009
0.9999672416828314
1.
0.999967241682831
0.9998689742020087
0.9997052199665911
0.9994760162562976
0.9991814154420373
0.9988214846121667
0.998396305781203
0.9979059757984643
0.9973506063096966
0.9967303237128198
0.996045269107894
0.9952955982412458
0.994481481443877
0.9936031035640868
0.9926606638073292
0.9916543759468609
0.9905844678699439
0.9894511809472852
0.9882547739252739
0.9869955144237813
0.9856736873613057
0.9842895926754459
0.9828435373885448
0.9813358503441446
0.9797668682158164
0.9781369433905522
0.976446440982403
0.9746957384622412
0.9728852281155665
0.971015310956154
0.9690864029445314
0.9670989350643048
0.9650533466223761
0.9629500901704421
0.9607896305049125
0.958572443481709
0.9562990170687509
0.9539698503960897
0.9515854535922343
0.9491463477372425
0.9466530648442806
0.9441061472341763
0.9415061477776686
0.938853628893241
0.9361491607993098
0.9333933173007324
0.9305867171602527
0.9277299491308806
0.9248236179741014
0.9218683455347135
0.9188647628395815
0.9158134963153677
0.9127151890431903
0.9095705138019178
0.9063800987403455
0.9031446700058435
0.8998648345355682
0.8965412991231064
0.8931747518082194
0.8897658867902526
0.8863154036394818
0.8828240108692654
0.8792924173289185
0.8757213425701831
0.8721115084313467
0.8684636422635482
0.8647784797064915
0.8610567166687626
0.8572991639021798
0.8535065693639047
0.8496795688881715
0.8458190283209247
0.8419257021806488
0.8380002703546502
0.834043531908384
0.8300561041248282
0.826039040902891
0.8219931118825614
0.81791879153002
0.8138169950085571
0.8096884933618173
0.8055340577366465
0.8013544600139503
0.7971504725733857
0.7929228686854348
0.7886724189125658
0.7843998959448455
0.7801060714537946
0.7757917154523253
0.7714570234563478
0.7671044814598894
0.762733140397504
0.7583443393618846
0.753938838453237
0.7495173989759933
0.7450807785670001
0.7406297367561644
0.7361645765727133
0.7316873765908531
0.7271975575642777
0.7226963040501807
0.7181843543738595
0.713662445480631
0.7091313074800873
0.7045916670604353
0.7000442465442099
0.6954897642313911
0.690928920603731
0.6863624454616881
0.6817910309997759
0.6772153826343927
0.6726361746299885
0.6680541015887543
0.6634698429812457
0.6588840737666413
0.6542974603064887
0.6497106655858141
0.6451243438148927
0.6405391432798204
0.6359557054237127
0.6313746650413896
0.6267966498098475
0.6222222804401709
0.617649262513382
0.6130869230273763
0.6085271403340059
0.6039734113847149
0.5994263207146786
0.5948864407440637
0.5903543401471274
0.5858305782718871
0.5813157062642903
0.5768102669589157
0.5723147955822432
0.5678298170150643
0.5633558540690943
0.5588934114028984
0.5544429916252307
0.5500050874010964
0.5455801825107192
0.5411687530613667
0.536771262030992
0.5323881716011524
0.5280199287162155
0.5236669734693069
0.5193297368573975
0.5150086411147109
0.5107040760681052
0.5064164924798824
0.502146285356217
0.4978937962337439
0.49365942460012097
0.48944353908846233
0.4852464989684725
0.48106866658198194
0.47691035999384535
0.4727719102097502
0.4686536662032843
0.4645559301247288
0.4604790085784884
0.4564231982303299
0.4523887823108732
0.44837604568293016
0.4443852571912618
0.44041667728157974
0.43647055914132366
0.4325471463768588
0.4286466788184544
0.4247693761097773
0.42091545986390905
0.4170851398727399
0.41327861748493955
0.40949607604109867
0.4057377262611989
0.40200372143738444
0.398294236505252
0.3946094317967192
0.3909494668772499
0.38731446989459994
0.3837045855777348
0.38011993335222105
0.37656065039259284
0.3730268438011758
0.3695186145304832
0.36603606201755573
0.36257927721032984
0.359148342836913
0.35574333577568423
0.35236432271955204
0.3490113661011048
0.34568452076168665
0.34238383352389673
0.3391093466478172
0.3358610935864923
0.3326391023015516
0.32944339437759596
0.3262739833437326
0.3231308782122189
0.32001408055536684
0.3169235872811727
0.3138593891230624
0.31082146960094975
0.3078098070462531
0.30482437491094083
0.30186514439332723
0.2989320681472833
0.29602510280178096
0.29314420820583914
0.29028932588846235
0.2874603967150156
0.28465735686864063
0.28188013233155157
0.27912865869812775
0.2764028533258125
0.2737026384130459
0.271027916721959
0.2683786015578967
0.26575459724209344
0.26315580368608693
0.2605821173120943
0.25803342429053533
0.2555096232698268
0.25301059771955015
0.2505362301939312
0.2480863879197769
0.24566095097994994
0.24325979038884424
0.24088277401224162
0.23852976645647822
0.2362006295065114
0.23389522207919705
0.23161340030936106
0.2293550171437596
0.2271199235210313
0.22490796762511117
0.22271899542374643
0.22055285034982494
0.2184093735979371
0.21628840442225006
0.21418977986505547
0.2121133381789741
0.21005890368307897
0.2080263161894789
0.20601540350244898
0.20402599330119375
0.20205791255335528
0.20011098633067473
0.19818503861933182
0.1962798919589456
0.19439536770626398